8.43018065758737E-8 0.989974363299083
8.56639431230221E-8 0.988481879520551
8.7048088877902E-8 0.99632010055876
8.84545994621476E-8 0.989586786801756
8.98838362434771E-8 0.992354538195512
9.1336166428536E-8 0.984990503622422
9.28119631572425E-8 0.991123206595334
9.43116055986566E-8 0.984808137285628
9.58354790483976E-8 0.991090330910795
9.7383975027636E-8 0.992347403106846
9.89574913836864E-8 0.993568897274141
1.00556432392222E-7 0.991700838740573
1.02181208861147E-7 0.99154317174457
1.03832238236138E-7 0.983242439220471
1.055099447079E-7 0.99172988302976
1.07214759321154E-7 0.983643456143068
1.08947120085376E-7 0.991181219486863
1.10707472087338E-7 0.990290750600156
1.1249626760546E-7 0.986841254600873
1.14313966226014E-7 0.993495542908228
1.16161034961199E-7 0.990967719003194
1.18037948369132E-7 0.989641517147467
1.19945188675771E-7 0.991913893350856
1.21883245898814E-7 0.989988066199568
1.23852617973591E-7 0.991883737391956
1.25853810881005E-7 0.987542183252986
1.27887338777523E-7 0.985270387996246
1.2995372412728E-7 0.988109400443045
1.3205349783631E-7 0.987886975735162
1.34187199388954E-7 0.989958223736612
1.36355376986461E-7 0.987387505486214
1.38558587687839E-7 0.99003263328691
1.40797397552975E-7 0.986962316035445
1.43072381788071E-7 0.986083240085086
1.4538412489343E-7 0.985779591779955
1.47733220813626E-7 0.986893825340208
1.50120273090104E-7 0.986744633667275
1.52545895016248E-7 0.986009174873515
1.55010709794944E-7 0.987032534845747
1.57515350698708E-7 0.985412137518215
1.60060461232377E-7 0.987826008634763
1.6264669529845E-7 0.986919965538336
1.65274717365089E-7 0.983857263104306
1.67945202636837E-7 0.984947360026154
1.70658837228095E-7 0.983163232482994
1.73416318339405E-7 0.983032081143912
1.76218354436572E-7 0.985298331609839
1.79065665432693E-7 0.984691425302719
1.81958982873118E-7 0.984905199107482
1.84899050123401E-7 0.985106462740763
1.87886622560291E-7 0.986274692483436
1.90922467765806E-7 0.981730177247149
1.94007365724445E-7 0.980961989875418
1.97142109023587E-7 0.980133866211792
2.00327503057121E-7 0.985259743553803
2.03564366232378E-7 0.982646478471176
2.06853530180396E-7 0.984966427831967
2.10195839969591E-7 0.985383553845969
2.13592154322872E-7 0.981142211259306
2.17043345838269E-7 0.979802092388603
2.20550301213129E-7 0.979181935325658
2.24113921471926E-7 0.979083581127974
2.2773512219776E-7 0.975598596231365
2.3141483376759E-7 0.978283436130726
2.35154001591276E-7 0.976711602243232
2.38953586354472E-7 0.982593051292168
2.42814564265457E-7 0.981649303967435
2.46737927305942E-7 0.978339363293479
2.50724683485936E-7 0.980798208903836
2.54775857102732E-7 0.981058673760322
2.58892489004069E-7 0.979031636372349
2.6307563685556E-7 0.977444304252341
2.67326375412423E-7 0.978891495308092
2.7164579679562E-7 0.97951779949364
2.76035010772446E-7 0.976490159174088
2.80495145041659E-7 0.97514548481172
2.85027345523211E-7 0.978531080477946
2.89632776652667E-7 0.970745655032318
2.94312621680372E-7 0.973722108928643
2.99068082975463E-7 0.970481681170191
3.03900382334787E-7 0.971250389912463
3.08810761296808E-7 0.971748511226378
3.13800481460593E-7 0.975507950360067
3.18870824809943E-7 0.973680061867397
3.24023094042774E-7 0.973111801682919
3.29258612905807E-7 0.972880086422799
3.34578726534673E-7 0.974836780892758
3.39984801799514E-7 0.972857263905824
3.45478227656163E-7 0.971111971709593
3.51060415503003E-7 0.976374182696049
3.5673279954359E-7 0.972270061850013
3.62496837155139E-7 0.969352852760357
3.68354009262954E-7 0.97054953743595
3.74305820720923E-7 0.968335168808747
3.80353800698142E-7 0.970553592293118
3.86499503071808E-7 0.966084711300463
3.92744506826442E-7 0.968502215947555
3.99090416459571E-7 0.972476477350303
4.05538862393965E-7 0.970998868796966
4.1209150139653E-7 0.969464236961454
4.18750017003977E-7 0.969778560030416
4.25516119955362E-7 0.965284538450009
4.32391548631617E-7 0.967401261006183
4.39378069502188E-7 0.969503687813114
4.4647747757888E-7 0.966528344374326
4.5369159687704E-7 0.965282908563686
4.61022280884198E-7 0.969017520683409
4.68471413036269E-7 0.963951035816383
4.76040907201457E-7 0.965530088594485
4.83732708171975E-7 0.965844194871483
4.91548792163711E-7 0.966425616379376
4.99491167323965E-7 0.965226399943977
5.07561874247398E-7 0.965125459285331
5.15762986500302E-7 0.967717068754007
5.24096611153365E-7 0.963753266745242
5.32564889323016E-7 0.965995008107813
5.41169996721538E-7 0.967509022526106
5.49914144216066E-7 0.967673122729949
5.58799578396604E-7 0.966404899647399
5.67828582153244E-7 0.96373058948668
5.77003475262685E-7 0.967627804980663
5.86326614984246E-7 0.964720020448253
5.95800396665508E-7 0.964270364157341
6.05427254357735E-7 0.960909905435254
6.15209661441241E-7 0.961895270543602
6.25150131260873E-7 0.962965248925769
6.35251217771737E-7 0.958064128723021
6.45515516195383E-7 0.963395497020512
6.55945663686584E-7 0.959631693565717
6.66544340010878E-7 0.961908593058121
6.77314268233075E-7 0.964863064560065
6.88258215416875E-7 0.959284077082676
6.993789933358E-7 0.957787569694497
7.10679459195603E-7 0.959401455740686
7.22162516368366E-7 0.961016964416079
7.33831115138436E-7 0.961477412322747
7.45688253460437E-7 0.960715311022396
7.57736977729513E-7 0.961412956457433
7.69980383564025E-7 0.963608060579982
7.82421616600899E-7 0.961402154388565
7.95063873303804E-7 0.960352006378753
8.07910401784421E-7 0.958165777868104
8.2096450263695E-7 0.959491177930499
8.34229529786121E-7 0.959418416674563
8.47708891348905E-7 0.959081833624988
8.61406050510133E-7 0.958767739720748
8.7532452641229E-7 0.961860630474018
8.89467895059656E-7 0.959796646459934
9.03839790237079E-7 0.957491214883647
9.18443904443584E-7 0.956131274543735
9.33283989841069E-7 0.956484702072216
9.48363859218324E-7 0.960416759649893
9.63687386970642E-7 0.959387361795319
9.79258510095236E-7 0.959429246439106
9.95081229202757E-7 0.95226405664487
1.01115960954516E-6 0.957243784646919
1.02749778206014E-6 0.956019576048663
1.04409994443253E-6 0.958970413599344
1.06097036217271E-6 0.95964985987345
1.0781133697126E-6 0.955736364294667
1.09553337151924E-6 0.954640129144444
1.11323484322642E-6 0.957890328172272
1.13122233278458E-6 0.958069390848713
1.1495004616293E-6 0.957948430990149
1.16807392586864E-6 0.955170573844185
1.18694749748973E-6 0.95414058936632
1.20612602558476E-6 0.956173997401342
1.22561443759686E-6 0.956975516032393
1.24541774058612E-6 0.957913772604357
1.26554102251593E-6 0.955737636173538
1.28598945356033E-6 0.956787865585732
1.30676828743223E-6 0.955324308709081
1.32788286273334E-6 0.960557170969678
1.3493386043257E-6 0.96191117956942
1.3711410247255E-6 0.962781387394428
1.3932957255194E-6 0.957828349084682
1.41580839880365E-6 0.959215378418568
1.43868482864664E-6 0.956503465346086
1.46193089257486E-6 0.960443241837
1.48555256308306E-6 0.956613793533484
1.5095559091687E-6 0.958798152330416
1.53394709789123E-6 0.958934871384771
1.55873239595657E-6 0.960327254435466
1.58391817132718E-6 0.95854675040858
1.60951089485815E-6 0.955694974697975
1.6355171419597E-6 0.954891901859779
1.66194359428663E-6 0.954716279669551
1.68879704145492E-6 0.958292787299944
1.71608438278622E-6 0.961830767625718
1.74381262908044E-6 0.958037802543066
1.77198890441698E-6 0.953716437906819
1.80062044798509E-6 0.961775376492482
1.82971461594382E-6 0.95295876776752
1.85927888331199E-6 0.951229254236545
1.88932084588868E-6 0.9550038113601
1.91984822220485E-6 0.960122898353647
1.95086885550634E-6 0.955254283312408
1.98239071576904E-6 0.951855648631382
2.01442190174661E-6 0.953442780670456
2.04697064305116E-6 0.959350680374361
2.08004530226775E-6 0.954020538413988
2.11365437710286E-6 0.952268114313359
2.1478065025677E-6 0.95275131231659
2.18251045319676E-6 0.956327983658469
2.21777514530222E-6 0.956194397426513
2.25360963926475E-6 0.953137731264441
2.29002314186135E-6 0.956945583085663
2.3270250086308E-6 0.955568971258888
2.36462474627736E-6 0.955393071862853
2.40283201511325E-6 0.957314825502577
2.44165663154063E-6 0.954207203479641
2.4811085705737E-6 0.953769272760713
2.52119796840149E-6 0.951032631622483
2.56193512499214E-6 0.954452617810651
2.60333050673919E-6 0.957299629670118
2.64539474915069E-6 0.954743554389221
2.68813865958171E-6 0.957244198225294
2.73157322001101E-6 0.954800973598223
2.77570958986259E-6 0.953759201333864
2.82055910887282E-6 0.95440987404436
2.86613330000394E-6 0.958708564601023
2.91244387240455E-6 0.958445056745425
2.959502724418E-6 0.956506673864065
3.00732194663937E-6 0.957560996610127
3.05591382502185E-6 0.957702353898355
3.10529084403332E-6 0.960637866880127
3.15546568986389E-6 0.957336659023097
3.20645125368532E-6 0.956730580462856
3.25826063496309E-6 0.955646088171088
3.31090714482197E-6 0.952101768914819
3.36440430946597E-6 0.955713857386367
3.41876587365359E-6 0.958193247237008
3.47400580422917E-6 0.957322114859106
3.53013829371131E-6 0.957935802495595
3.58717776393932E-6 0.958102027550742
3.64513886977851E-6 0.958991791349788
3.70403650288543E-6 0.954867246907301
3.76388579553387E-6 0.955886329325346
3.82470212450275E-6 0.956879772072407
3.88650111502678E-6 0.958799369390948
3.94929864481098E-6 0.958149505300537
4.01311084811007E-6 0.954650344150028
4.07795411987374E-6 0.952918706516106
4.14384511995895E-6 0.960621669538946
4.21080077741023E-6 0.956960653336901
4.27883829480921E-6 0.956687489866348
4.34797515269435E-6 0.960231376924199
4.41822911405219E-6 0.957891594093484
4.48961822888105E-6 0.954754926717653
4.56216083882854E-6 0.959343959055225
4.635875581904E-6 0.959908721578081
4.71078139726704E-6 0.958552451341214
4.78689753009355E-6 0.956988123871288
4.86424353652018E-6 0.955819226628608
4.94283928866887E-6 0.959554116655251
5.02270497975245E-6 0.960383372069584
5.10386112926281E-6 0.958901888610518
5.18632858824284E-6 0.960644740054954
5.27012854464361E-6 0.957472659092619
5.35528252876812E-6 0.957908576621278
5.44181241880286E-6 0.956709897010692
5.52974044643896E-6 0.959390665883029
5.61908920258405E-6 0.955451330420886
5.70988164316641E-6 0.961319827118085
5.80214109503294E-6 0.957244769335814
5.89589126194239E-6 0.957777608771924
5.99115623065544E-6 0.956289069138049
6.08796047712322E-6 0.96122533174513
6.18632887277582E-6 0.958263038746464
6.28628669091228E-6 0.959105770835583
6.38785961319405E-6 0.957183209099624
6.49107373624316E-6 0.958850705264642
6.59595557834715E-6 0.954611351862208
6.70253208627223E-6 0.956075879224085
6.81083064218666E-6 0.957858483377751
6.92087907069585E-6 0.957413746056115
7.03270564599118E-6 0.955394581447691
7.14633909911439E-6 0.958305273930918
7.26180862533927E-6 0.956299063825172
7.37914389167271E-6 0.963095952844356
7.49837504447686E-6 0.956081225464645
7.61953271721445E-6 0.958906841930349
7.74264803831933E-6 0.958008800278373
7.86775263919414E-6 0.960331378477291
7.99487866233724E-6 0.958982163059004
8.12405876960082E-6 0.959365873781711
8.25532615058268E-6 0.957212439381856
8.38871453115336E-6 0.96038281188975
8.5242581821212E-6 0.956868661610591
8.66199192803735E-6 0.962186683966446
8.80195115614314E-6 0.959860038617876
8.94417182546185E-6 0.958458076200064
9.08869047603751E-6 0.95897941626834
9.235544238323E-6 0.959369586555615
9.38477084271968E-6 0.958159808010055
9.53640862927145E-6 0.958552270812412
9.69049655751506E-6 0.960289293248614
9.84707421648998E-6 0.959482192402929
1.00061818349097E-5 0.960849597032039
1.01678602914974E-5 0.959032442277715
1.03321511254889E-5 0.958785695129032
1.04990965473052E-5 0.960032704454881
1.06687394493972E-5 0.9590687240439
1.08411234172656E-5 0.960257885027062
1.10162927406598E-5 0.958535471606039
1.11942924249564E-5 0.95973295333162
1.13751682027225E-5 0.958866614066723
1.15589665454655E-5 0.960295355503761
1.17457346755728E-5 0.959566433516017
1.19355205784443E-5 0.959616369169844
1.21283730148213E-5 0.960037479325831
1.23243415333141E-5 0.960673716373653
1.25234764831322E-5 0.958765437316625
1.27258290270207E-5 0.958247115139977
1.2931451154405E-5 0.958682092743848
1.31403956947479E-5 0.960011389205245
1.33527163311236E-5 0.960577544212809
1.35684676140093E-5 0.958901626245774
1.37877049753012E-5 0.959674466767517
1.40104847425563E-5 0.959531667416149
1.4236864153464E-5 0.96078920881035
1.44669013705522E-5 0.959610665146232
1.47006554961305E-5 0.958944725858577
1.49381865874754E-5 0.958944631583995
1.51795556722602E-5 0.960361319505986
1.54248247642345E-5 0.960947714815719
1.56740568791574E-5 0.958186554397586
1.59273160509874E-5 0.961101092102172
1.61846673483348E-5 0.959844781851102
1.64461768911791E-5 0.958909086118524
1.6711911867857E-5 0.958072506626166
1.69819405523246E-5 0.959117609887887
1.72563323216991E-5 0.957552541331353
1.75351576740831E-5 0.958956372128537
1.78184882466774E-5 0.960090931853133
1.81063968341866E-5 0.959912464927242
1.83989574075216E-5 0.958593315259427
1.86962451328048E-5 0.959162151442813
1.89983363906822E-5 0.958877662029105
1.9305308795947E-5 0.959454263747295
1.96172412174815E-5 0.959271790410758
1.99342137985199E-5 0.959518136086661
2.02563079772395E-5 0.95976241853969
2.05836065076838E-5 0.95947393267844
2.09161934810246E-5 0.958631427013328
2.12541543471668E-5 0.958495853435236
2.15975759367024E-5 0.960527809866221
2.19465464832199E-5 0.95978277439505
2.23011556459734E-5 0.959476953850048
2.26614945329186E-5 0.958570837964741
2.30276557241205E-5 0.959254106584518
2.33997332955393E-5 0.957448439784094
2.37778228432016E-5 0.957899291831375
2.41620215077603E-5 0.958062871473506
2.45524279994537E-5 0.958292639720806
2.49491426234657E-5 0.958817680794536
2.53522673056972E-5 0.958675896326196
2.57619056189531E-5 0.958526148716978
2.61781628095529E-5 0.957030623538958
2.66011458243712E-5 0.956893027933577
2.70309633383147E-5 0.957928520802287
2.74677257822442E-5 0.958178473477854
2.7911545371346E-5 0.956718006719759
2.83625361339637E-5 0.957849683952786
2.88208139408943E-5 0.958422187249725
2.9286496535159E-5 0.957038214690926
2.97597035622536E-5 0.957581549995202
3.02405566008888E-5 0.956684394907321
3.07291791942268E-5 0.956044301317931
3.12256968816223E-5 0.956857143375235
3.17302372308775E-5 0.957909296166557
3.22429298710164E-5 0.956638375780799
3.27639065255905E-5 0.957365773965328
3.32933010465216E-5 0.958170654092774
3.38312494484916E-5 0.956419670141633
3.43778899438884E-5 0.955142948965718
3.49333629783158E-5 0.956206476285261
3.54978112666776E-5 0.956266835569692
3.60713798298447E-5 0.957016000354752
3.66542160319145E-5 0.955809591593451
3.72464696180722E-5 0.95569270492054
3.78482927530648E-5 0.957994370586134
3.84598400602949E-5 0.956738818243733
3.90812686615487E-5 0.956398065934646
3.97127382173631E-5 0.954980239182054
4.03544109680475E-5 0.956197636615263
4.10064517753669E-5 0.956150271912279
4.16690281648992E-5 0.95548588612348
4.23423103690769E-5 0.956083864576309
4.30264713709234E-5 0.955493813155463
4.37216869484972E-5 0.955669164955679
4.44281357200538E-5 0.955788946094864
4.51459991899365E-5 0.956230853110364
4.58754617952106E-5 0.955445549220976
4.66167109530483E-5 0.95625165321767
4.73699371088822E-5 0.955738285049019
4.81353337853348E-5 0.955988040371017
4.89130976319396E-5 0.954411736556854
4.97034284756651E-5 0.954206057043113
5.05065293722555E-5 0.955833028295318
5.13226066584007E-5 0.954910622305816
5.21518700047491E-5 0.954300735960187
5.29945324697777E-5 0.955896845315801
5.3850810554532E-5 0.954501092299529
5.47209242582505E-5 0.954088892118729
5.56050971348876E-5 0.953639977259412
5.6503556350551E-5 0.953891735921457
5.74165327418655E-5 0.955323489777232
5.83442608752814E-5 0.954184857389144
5.92869791073403E-5 0.953355870639602
6.02449296459144E-5 0.951433856208284
6.12183586124363E-5 0.953080613148013
6.22075161051334E-5 0.953027154531141
6.32126562632848E-5 0.95321779460919
6.42340373325154E-5 0.951950986863778
6.52719217311464E-5 0.952052032930505
6.63265761176166E-5 0.951778695062697
6.73982714589935E-5 0.95188644564759
6.8487283100592E-5 0.952546079521574
6.95938908367173E-5 0.95135175815918
7.07183789825511E-5 0.952084503313068
7.1861036447199E-5 0.950702315092695
7.30221568079185E-5 0.949541989133883
7.42020383855468E-5 0.950711031277762
7.54009843211465E-5 0.952511964373065
7.661930265389E-5 0.950111814345386
7.7857306400203E-5 0.9510981971408
7.91153136341855E-5 0.95132597417283
8.03936475693336E-5 0.951387273806182
8.16926366415806E-5 0.950856047895863
8.30126145936811E-5 0.949533845109339
8.43539205609574E-5 0.949668977974762
8.57168991584317E-5 0.949839538223302
8.71019005693664E-5 0.949062246142698
8.85092806352351E-5 0.949085895352761
8.99394009471472E-5 0.949363903254681
9.139262893875E-5 0.948949625333377
9.28693379806303E-5 0.947249772886786
9.43699074762442E-5 0.949880602299353
9.58947229593939E-5 0.947923894293049
9.74441761932827E-5 0.947011223073641
9.90186652711669E-5 0.94877563635046
1.00618594718637E-4 0.947349261289619
1.02244375597551E-4 0.947558240155929
1.03896425611645E-4 0.94615502340138
1.05575169213851E-4 0.946182625860028
1.07281037715354E-4 0.946083560314152
1.09014469396401E-4 0.946627106655451
1.10775909618908E-4 0.946606666263102
1.12565810940889E-4 0.945587912161439
1.14384633232722E-4 0.946757807319145
1.16232843795306E-4 0.945546866269796
1.18110917480121E-4 0.945519235251753
1.20019336811231E-4 0.945914795388603
1.21958592109253E-4 0.944435677946464
1.23929181617335E-4 0.944811237469607
1.25931611629167E-4 0.942273251614667
1.27966396619059E-4 0.942495410922941
1.30034059374125E-4 0.943193167102266
1.32135131128597E-4 0.944264064408596
1.34270151700315E-4 0.944236569926762
1.36439669629418E-4 0.943994891731678
1.38644242319279E-4 0.942579189001108
1.40884436179713E-4 0.943575660722737
1.43160826772506E-4 0.942255655872121
1.45473998959288E-4 0.942591924195863
1.478245470518E-4 0.941977355262907
1.50213074964588E-4 0.941528152748702
1.52640196370161E-4 0.940267982837039
1.55106534856662E-4 0.943235035451752
1.57612724088084E-4 0.941418422556937
1.60159407967067E-4 0.940809936775537
1.62747240800344E-4 0.940061216310166
1.65376887466838E-4 0.939814212880986
1.68049023588494E-4 0.94073405651761
1.70764335703857E-4 0.937644313530999
1.73523521444466E-4 0.938486133590667
1.76327289714089E-4 0.937634031521524
1.79176360870862E-4 0.936616979891846
1.82071466912363E-4 0.938982859545903
1.85013351663682E-4 0.937024075835639
1.88002770968531E-4 0.937959063033378
1.91040492883433E-4 0.935836291737618
1.94127297875062E-4 0.935330561506116
1.97263979020759E-4 0.934362019456726
2.00451342212297E-4 0.935506706619888
2.03690206362931E-4 0.934652936198681
2.06981403617801E-4 0.934525367137703
2.1032577956773E-4 0.933477590237429
2.13724193466474E-4 0.93386356833681
2.1717751845149E-4 0.932732833932601
2.20686641768266E-4 0.930514151494611
2.24252464998275E-4 0.931214916455606
2.27875904290615E-4 0.932469001972844
2.31557890597389E-4 0.931783567835684
2.35299369912893E-4 0.930114334065727
2.39101303516663E-4 0.93096676271969
2.42964668220452E-4 0.929283477726776
2.46890456619197E-4 0.929683707708117
2.50879677346044E-4 0.928125917712527
2.54933355331489E-4 0.927733599673182
2.59052532066707E-4 0.926886960176778
2.63238265871139E-4 0.92676451269155
2.67491632164402E-4 0.927276326367735
2.71813723742589E-4 0.926484092907508
2.76205651059034E-4 0.926034645201206
2.8066854250962E-4 0.924778231236365
2.85203544722688E-4 0.925681948793879
2.89811822853636E-4 0.924423391669568
2.94494560884277E-4 0.924782960859139
2.99252961927033E-4 0.923104559824002
3.04088248534044E-4 0.921142417119547
3.09001663011274E-4 0.921874560883359
3.13994467737689E-4 0.922119833663192
3.19067945489591E-4 0.92255868604586
3.24223399770203E-4 0.920594379354548
3.29462155144564E-4 0.919245448335358
3.34785557579845E-4 0.919374852287896
3.40194974791165E-4 0.917491203247326
3.45691796592987E-4 0.915526201889934
3.51277435256197E-4 0.917039326019111
3.56953325870954E-4 0.916252300776475
3.62720926715395E-4 0.914160832071292
3.68581719630312E-4 0.914930850919767
3.74537210399864E-4 0.914772585601598
3.80588929138459E-4 0.912166546679198
3.86738430683873E-4 0.911687618599064
3.92987294996729E-4 0.910932469174787
3.99337127566429E-4 0.909958346714977
4.05789559823642E-4 0.910995565339707
4.1234624955946E-4 0.908792372061342
4.1900888135133E-4 0.906869098959762
4.25779166995858E-4 0.90648262910856
4.32658845948614E-4 0.90795637463898
4.39649685771047E-4 0.905386095692673
4.46753482584606E-4 0.905803887654783
4.53972061532218E-4 0.905331841545269
4.61307277247207E-4 0.90220279574684
4.68761014329796E-4 0.902891425564251
4.76335187831313E-4 0.901973421691037
4.84031743746207E-4 0.899346941349522
4.9185265951203E-4 0.899208924299977
4.99799944517488E-4 0.900258600790259
5.078756406187E-4 0.897657173096292
5.16081822663808E-4 0.89689753726808
5.24420599026051E-4 0.895362150817756
5.32894112145462E-4 0.895289524289408
5.41504539079317E-4 0.895049572815175
5.50254092061468E-4 0.892880095788216
5.59145019070727E-4 0.892116276089558
5.6817960440843E-4 0.890495889890683
5.77360169285322E-4 0.889208932969723
5.86689072417942E-4 0.888584360282114
5.96168710634637E-4 0.887916114351772
6.05801519491358E-4 0.887167076918712
6.15589973897427E-4 0.885284148922759
6.25536588751393E-4 0.88480825614331
6.35643919587178E-4 0.881802373802822
6.45914563230657E-4 0.881698499483896
6.56351158466846E-4 0.880712453032784
6.66956386717869E-4 0.88006712871229
6.77732972731892E-4 0.878194326081424
6.88683685283166E-4 0.876888145910063
6.99811337883407E-4 0.877014312867819
7.11118789504646E-4 0.874978329498138
7.22608945313778E-4 0.87316183039978
7.34284757418971E-4 0.871031995051259
7.46149225628132E-4 0.871707154837335
7.58205398219637E-4 0.868503583222405
7.70456372725511E-4 0.867201298103533
7.82905296727254E-4 0.866830636273552
7.95555368664543E-4 0.865612300633976
8.08409838656983E-4 0.864561895418303
8.21472009339147E-4 0.860143273017765
8.34745236709111E-4 0.861436229228809
8.48232930990681E-4 0.858890217762392
8.61938557509576E-4 0.858568229072956
8.75865637583755E-4 0.85804150118483
8.90017749428124E-4 0.853660595496833
9.0439852907388E-4 0.85341323920031
9.19011671302688E-4 0.85104502332665
9.33860930595969E-4 0.850498799246389
9.48950122099521E-4 0.849462134686711
9.64283122603718E-4 0.846808134576916
9.79863871539562E-4 0.845995078475642
9.95696371990819E-4 0.845391904534184
0.00101178469172251 0.844340988571655
0.00102813296422602 0.840642239274617
0.00104474538978109 0.838269281498794
0.00106162623653501 0.837577906537572
0.00107877984159914 0.835860234926061
0.00109621061216331 0.833241444632336
0.00111392302662807 0.831764713558758
0.00113192163575532 0.830631067556725
0.00115021106383753 0.82879267898506
0.00116879600988584 0.825523570858072
0.00118768124883732 0.82400745253256
0.00120687163278179 0.821807117794477
0.00122637209220847 0.820016135513604
0.0012461876372727 0.818216056153277
0.00126632335908319 0.815826384614376
0.00128678443101007 0.813872644730612
0.00130757611001404 0.811796354040374
0.00132870373799702 0.809445560236726
0.00135017274317462 0.807965476242794
0.00137198864147077 0.806156745887111
0.00139415703793494 0.802052327475644
0.00141668362818216 0.801655576126841
0.00143957419985641 0.798548208583353
0.00146283463411758 0.794893659146352
0.00148647090715252 0.793677950830136
0.00151048909171044 0.790503528867268
0.00153489535866316 0.78805865876953
0.00155969597859058 0.786831057848241
0.00158489732339173 0.783370825977939
0.00161050586792187 0.780715019076437
0.00163652819165605 0.777417223386805
0.00166297098037952 0.776028098352053
0.00168984102790553 0.773313205546004
0.00171714523782076 0.770685730186339
0.00174489062525908 0.768598651549264
0.00177308431870386 0.763296307440649
0.00180173356181953 0.762111848544027
0.00183084571531258 0.758191106267438
0.00186042825882275 0.755212275597553
0.00189048879284475 0.753928445881079
0.00192103504068097 0.749559540467628
0.00195207485042584 0.74711845850799
0.00198361619698217 0.743781309982633
0.0020156671841101 0.741669291825406
0.00204823604650919 0.738397656377075
0.00208133115193407 0.735849663683924
0.00211496100334438 0.732377045274883
0.00214913424108937 0.728585701568064
0.00218385964512779 0.726010390050653
0.00221914613728372 0.720957373530767
0.00225500278353882 0.717596158595663
0.00229143879636157 0.715506998490555
0.0023284635370742 0.710727098340608
0.00236608651825784 0.707032101034697
0.00240431740619655 0.703644246464398
0.00244316602336086 0.700890428741285
0.00248264235093132 0.698009375940243
0.002522756531363 0.694836735643042
0.00256351887099132 0.690635167402496
0.00260493984267998 0.68706884088183
0.0026470300885117 0.682206201010816
0.00268980042252249 0.678679591903361
0.00273326183347998 0.675726411105394
0.00277742548770675 0.673621404075581
0.00282230273194921 0.668421821879895
0.0028679050962929 0.664842533512146
0.00291424429712483 0.65995111917992
0.0029613322401437 0.657184023661858
0.00300918102341879 0.653784397292711
0.00305780294049829 0.651256044423843
0.00310721048356774 0.646218242030128
0.00315741634665967 0.642817642600227
0.00320843342891493 0.638319628366947
0.00326027483789688 0.632530329938414
0.00331295389295901 0.629731430515829
0.00336648412866701 0.624883089908073
0.00342087929827615 0.619919425165563
0.00347615337726486 0.61581337145421
0.0035323205669253 0.612441144321584
0.00358939529801214 0.608730347807415
0.00364739223445008 0.603095155287084
0.00370632627710144 0.596875669772899
0.00376621256759454 0.594204727713685
0.00382706649221397 0.588801579135675
0.0038889036858537 0.583573776656063
0.00395174003603409 0.578792412791121
0.00401559168698378 0.574181080743465
0.00408047504378756 0.570293346102303
0.00414640677660123 0.563909227886677
0.00421340382493456 0.559254090401292
0.00428148340200356 0.555415384530449
0.00435066299915287 0.549214434747321
0.0044209603903498 0.544446795595123
0.00449239363675088 0.540599813892006
0.00456498109134223 0.533873786765645
0.00463874140365489 0.529735508315377
0.00471369352455637 0.523631279049091
0.00478985671111959 0.519442151750158
0.00486725053157049 0.514280606309674
0.00494589487031562 0.509565937906868
0.00502580993305091 0.504263515304044
0.00510701625195309 0.499428118457717
0.00518953469095481 0.494097284884947
0.00527338645110518 0.489043459862529
0.00535859307601686 0.485010272835169
0.00544517645740108 0.479975519080069
0.00553315884069226 0.475716660297511
0.00562256283076335 0.469685653214077
0.00571341139773358 0.466142413856567
0.00580572788287014 0.461053551065814
0.00589953600458504 0.455327562854055
0.00599485986452901 0.450174215737653
0.00609172395378383 0.445139012762662
0.00619015315915464 0.440386507135212
0.00629017276956407 0.434972356588484
0.00639180848254953 0.429148900068308
0.00649508641086553 0.424289559349437
0.00660003308919281 0.420086088151936
0.00670667548095563 0.414049977924258
0.00681504098524942 0.407887542702219
0.00692515744388032 0.404225622036716
0.00703705314851833 0.398673100873461
0.00715075684796628 0.392804973183489
0.007266297755546 0.387018705606537
0.007383705556604 0.381917897428417
0.00750301041613842 0.37611502937189
0.0076242429865491 0.370545605056017
0.00774743441551296 0.366624596966845
0.00787261635398669 0.360416459042706
0.00799982096433855 0.356138911140725
0.00812908092861181 0.351965198255461
0.0082604294569215 0.345486391731038
0.00839390029598692 0.339654616160501
0.00852952773780209 0.335739301531028
0.00866734662844614 0.329692774901598
0.00880739237703614 0.324982488637226
0.0089497009648247 0.317523502236111
0.00909430895444429 0.312162414522459
0.00924125349930119 0.306445544930004
0.00939057235312114 0.300569640365347
0.00954230387964914 0.295128095577878
0.00969648706250617 0.28907336087012
0.00985316151520492 0.283318625680804
0.0100123674913276 0.277205409392396
0.010174145894868 0.274670264061916
0.0103385382907408 0.266971854556852
0.0105055869154608 0.26186754547429
0.0106753346879942 0.255803266766329
0.0108478252207857 0.249581687034591
0.0110231028309637 0.24528784163517
0.0112012125517265 0.2411608788945
0.0113822001439123 0.234755049596999
0.0115661121077565 0.229168926705171
0.0117529956948385 0.224377297062593
0.011942898920222 0.218003853738579
0.0121358705747913 0.213730299676465
0.0123319602377869 0.209879500971367
0.0125312182895435 0.204577744359034
0.0127336959244341 0.199143328305096
0.0129394451640228 0.194141649536598
0.0131485188704312 0.19156110684387
0.013360970759919 0.185156714292143
0.0135768554166859 0.180774018461849
0.0137962283068953 0.176246892642075
0.0140191457929246 0.171621877033036
0.0142456651478468 0.167664982635049
0.0144758445701449 0.161701976257819
0.0147097431986646 0.157657702613547
0.0149474211278088 0.154227482576583
0.015188939422977 0.150911655705686
0.0154343601362548 0.148416371924895
0.0156837463223565 0.145248899790919
0.0159371620548255 0.140432527708869
0.0161946724424963 0.137524511791395
0.0164563436462227 0.132555247355115
0.0167222428958761 0.127460071504068
0.0169924385076186 0.123935753024257
0.017266999901455 0.121856286121788
0.0175459976190686 0.11728288695319
0.0178295033419454 0.11336032236041
0.0181175899097903 0.110596772741546
0.0184103313392419 0.107170534459707
0.018707802842889 0.103431847717495
0.0190100808485947 0.098912111173458
0.0193172430191326 0.0950242981881935
0.0196293682721404 0.0909921862851465
0.0199465368003955 0.0887991683597553
0.0202688300924189 0.0846623022443772
0.0205963309534114 0.0801075894523177
0.0209291235265284 0.0779045742529386
0.0212672933144986 0.0746351226227871
0.0216109272015913 0.071451711188382
0.0219601134759394 0.0694816220416839
0.0223149418522232 0.066683042320929
0.0226755034947194 0.0624513349700277
0.0230418910407247 0.0591924649029453
0.0234141986243556 0.0563715122894614
0.0237925219007343 0.0534919336199274
0.0241769580705647 0.0509863439192174
0.024567605905106 0.0479291788212003
0.0249645657715493 0.0459419550789135
0.0253679396588041 0.045969072001241
0.0257778312037025 0.0452373565585532
0.0261943457176255 0.0435386949210388
0.0266175902135605 0.03874058423902
0.0270476734335954 0.0373076664428871
0.0274847058768571 0.0355604125625138
0.0279287998279018 0.0341992463044142
0.0283800693855635 0.0343026191430952
0.0288386304922687 0.0330100752775299
0.0293046009638252 0.0304441545973486
0.0297781005196918 0.0280644951168025
0.030259250813737 0.0266965426341378
0.0307481754654955 0.0238479313869623
0.0312450000919284 0.022188273986261
0.031749852339698 0.022158225665688
0.032262861917963 0.0202181412330087
0.0327841606317041 0.0206717776085434
0.0333138824155882 0.0184390863601272
0.0338521633683793 0.0166392400905435
0.0343991417879059 0.0152370677765083
0.0349549582065928 0.0152869251894254
0.0355197554275681 0.0165189430873998
0.0360936785613519 0.0164825052632476
0.0366768750631396 0.0141956161308705
0.0372694947706868 0.0135609280853591
0.0378716899428058 0.0126967281016283
0.0384836152984853 0.0134601206572087
0.0391054280566412 0.0117542536806419
0.03973728797651 0.00876946922168637
0.0403793573986955 0.00901087269150279
0.0410318012868774 0.00818671822894112
0.0416947872701953 0.00697766116908939
0.0423684856863164 0.00681636305722562
0.0430530696251993 0.00608597343625355
0.0437487149735659 0.00428993396663661
0.0444556004600902 0.00231947021603912
0.0451739077013189 0.00467469553427302
0.0459038212483328 0.00505471301696948
0.0466455286341625 0.00411523068077169
0.0473992204219709 0.00512283821870001
0.0481650902540129 0.00585895019277671
0.0489433349013875 0.00569958199058739
0.0497341543145931 0.00420221637592924
0.0505377516748994 0.0027055811247522
0.0513543334465501 0.00140436078402391
0.0521841094298089 0.00194553862517672
0.0530272928148619 0.0022284086699049
0.0538841002365919 0.00137442914652699
0.0547547518302372 8.1376949735199E-4
0.0556394712879498 0.00403171434927848
0.0565384859162676 0.0040576507124173
0.0574520266945149 0.00142033552330427
0.0583803283341471 0.00459608811350702
0.0593236293390536 0.00245294213291094
0.0602821720668359 0.00154994062639185
0.0612562027910744 1.48027422655205E-4
0.0622459717646035 -4.95676003344862E-4
0.0632517332838067 5.59446731207058E-5
0.0642737457539524 -0.00130083286496714
0.0653122717555842 2.68727494202588E-4
0.0663675781119846 0.00147207825050445
0.0674399359577289 2.0978772205779E-4
0.0685296208083458 0.00292972202636615
0.0696369126311046 3.38701269818225E-4
0.0707620959169459 1.80657012065722E-4
0.0719054597535742 3.07037899881019E-4
0.0730672978997317 9.62492635998391E-4
0.0742479088606727 -9.00014036286392E-4
0.0754475959648562 0.00224965048111662
0.0766666674418799 0.00169204889201321
0.0779054365016706 0.00215046199239146
0.0791642214149565 0.00192041991941714
0.0804433455950392 0.00151498695426448
0.0817431376808858 -2.02784063493326E-4
0.0830639316215647 -6.83910855913807E-4
0.0844060667620464 -9.15271329240574E-4
0.085769887930388 0.00193117282710885
0.0871557455263299 2.54388961068488E-4
0.088563995611321 0.00223012908521602
0.089995 2.52726984324474E-4
